[MEASUREINFO]
DepthBtm=760.000000
DepthRng=80.000000
Pose_X=-463.468
Pose_Y=482.138
Pose_Z=457.547
Pose_A=179.910
Pose_B=-0.160
Pose_C=-70.380
